$ 1 0.000005 382.76258214399064 50 5 50 5e-11
t 800 128 832 128 0 1 0.5227952734160033 0.54072352532845 100 default
t 800 128 768 128 0 1 0 0.48196770957918705 100 default
w 768 208 800 208 0
w 800 208 832 208 0
w 768 112 768 80 0
w 768 80 800 80 0
w 800 80 800 128 0
c 800 400 800 448 4 0.0000010000000000000002 0.017928251912446767 0.001 0
g 800 448 800 464 0 0
w 864 112 832 112 0
w 816 272 864 272 0
S 800 352 800 272 0 1 false 0 2
O 800 400 848 400 3 1
370 800 352 800 400 3 0 0
r 768 144 768 208 0 4700
w 832 144 832 208 0
t 704 256 736 256 0 -1 -0.5228604059315476 -0.5407886578437893 100 default
t 704 256 672 256 0 -1 0 -0.48198761251305733 100 default
r 672 176 672 240 0 4700
w 672 288 672 272 0
w 736 272 784 272 0
w 736 176 736 240 0
w 672 288 704 288 0
w 704 288 704 256 0
R 672 176 672 144 0 0 40 9.5 0 0 0.5
w 736 176 672 176 0
a 448 64 544 64 8 10 -10 1000000 0.00007435420263483204 0 100000
g 448 80 448 96 0 0
r 544 16 448 16 0 8200
d 384 48 448 48 2 1N4148
w 544 16 544 64 0
w 448 16 448 48 0
r 288 -16 384 -16 0 10000
R 288 -80 288 -112 0 0 40 0 0 0 0.5
r 608 64 544 64 0 10000
a 608 80 704 80 8 10 -10 1000000 -0.00007910967343339842 0 100000
r 608 -16 608 -80 0 247000
R 608 -80 608 -112 0 0 40 -11.75 0 0 0.5
r 608 32 704 32 0 10000
r 768 80 704 80 0 100000
r 288 32 208 32 0 100000
r 288 -80 288 -16 0 300000
w 608 32 608 64 0
w 704 32 704 80 0
g 608 96 608 112 0 0
O 704 32 752 32 3 1
a 288 48 384 48 8 10 -10 1000000 -0.00000604421533443885 0 100000
g 288 64 288 80 0 0
w 288 -16 288 32 0
w 384 -16 384 48 0
r 144 64 144 128 0 300000
r 144 0 144 -48 0 75000
O 208 32 208 80 3 1
w 208 32 160 32 0
R 144 -48 144 -80 0 0 40 -11.75 0 0 0.5
g 144 128 144 144 0 0
174 144 0 144 64 1 100000 0.005 Decay Pot
174 208 224 208 288 1 100000 0.005 Attack Pot
g 208 352 208 368 0 0
R 208 176 208 144 0 0 40 -11.75 0 0 0.5
w 272 256 224 256 0
O 272 256 272 304 3 1
r 208 224 208 176 0 75000
r 208 288 208 352 0 300000
w 448 208 448 272 0
w 352 208 352 256 0
g 352 288 352 304 0 0
a 352 272 448 272 8 10 -10 1000000 -0.000006044215334438741 0 100000
r 352 144 352 208 0 300000
r 352 256 272 256 0 100000
r 672 288 608 288 0 100000
R 352 144 352 112 0 0 40 0 0 0 0.5
r 352 208 448 208 0 10000
w 512 224 512 272 0
w 608 224 608 288 0
g 512 304 512 320 0 0
a 512 288 608 288 8 10 -10 1000000 -0.00001572574257754078 0 100000
r 608 224 512 224 0 8200
d 448 272 512 272 2 1N4148
O 608 224 608 176 3 1
r 512 224 512 160 0 10680
R 512 160 512 128 0 0 40 -11.75 0 0 0.5
174 144 -256 144 -192 1 100000 0.005 Release Pot
R 144 -304 144 -336 0 0 40 -11.75 0 0 0.5
w 208 -224 160 -224 0
O 208 -224 208 -176 3 1
r 144 -256 144 -304 0 75000
r 144 -192 144 -128 0 300000
w 384 -272 384 -208 0
w 288 -272 288 -224 0
g 288 -192 288 -176 0 0
a 288 -208 384 -208 8 10 -10 1000000 -0.00000604421533443874 0 100000
O 704 -224 752 -224 3 1
g 608 -160 608 -144 0 0
w 704 -224 704 -176 0
w 608 -224 608 -192 0
r 288 -336 288 -272 0 300000
r 288 -224 208 -224 0 100000
r 768 -176 704 -176 0 100000
r 608 -224 704 -224 0 10000
R 608 -288 608 -320 0 0 40 -11.75 0 0 0.5
r 608 -224 608 -288 0 247000
a 608 -176 704 -176 8 10 -10 1000000 -0.00007910967343338228 0 100000
r 608 -192 544 -192 0 10000
R 288 -336 288 -368 0 0 40 0 0 0 0.5
r 288 -272 384 -272 0 10000
w 448 -256 448 -208 0
w 544 -256 544 -192 0
d 384 -208 448 -208 2 1N4148
r 544 -256 448 -256 0 8200
g 448 -176 448 -160 0 0
a 448 -192 544 -192 8 10 -10 1000000 0.00007435420263481592 0 100000
w 768 -176 800 -176 0
w 768 -144 768 -176 0
g 144 -128 144 -112 0 0
R 1536 -80 1536 -144 0 0 40 11.75 0 0 0.5
d 1104 -80 1040 -80 2 1N4148
g 1040 -16 1040 0 0 0
w 1104 -144 1104 -80 0
O 928 -96 928 -48 3 1
r 1040 -80 1040 -16 0 100000
w 928 -160 928 -96 0
w 1040 -160 928 -160 0
w 1040 -112 1040 -160 0
a 1040 -96 928 -96 8 10 -10 1000000 4.229910504558172 4.229952803663218 100000
w 1104 -192 1104 -144 0
w 1216 -192 1216 -144 0
34 zener-10 1 1.7143528192810002e-7 0 2.0000000000000084 10 1
z 1216 -192 1104 -192 2 zener-10
R 1536 -160 1536 -192 0 0 40 0 0 0 0.5
r 1424 -112 1504 -112 0 100000
w 1312 -32 1472 -32 0
w 1312 -64 1312 -32 0
w 1216 -64 1312 -64 0
w 1472 -32 1472 -80 0
g 1472 -32 1472 -16 0 0
w 1472 -80 1424 -80 0
174 1472 -80 1536 -112 1 100000 0.5 Sus Pot
w 1424 -160 1424 -112 0
w 1312 -160 1312 -96 0
w 1216 -144 1216 -96 0
r 1424 -160 1536 -160 0 125000
r 1216 -96 1312 -96 0 100000
r 1312 -160 1424 -160 0 100000
r 1104 -144 1216 -144 0 100000
a 1424 -96 1312 -96 8 10 -10 1000000 0.00004699877803177118 0 100000
a 1216 -80 1104 -80 8 10 -10 1000000 -0.00004682640622171864 0 100000
w 832 -112 832 -48 0
r 768 -112 768 -48 0 4700
w 864 -144 832 -144 0
w 800 -176 800 -128 0
w 800 -48 832 -48 0
w 768 -48 800 -48 0
g 800 -48 800 -32 0 0
t 800 -128 768 -128 0 1 0 0.4819677095791852 100 default
t 800 -128 832 -128 0 1 0.522795273415997 0.5407235253284439 100 default
w 608 -16 608 32 0
g 800 208 800 224 0 0
s 896 336 992 336 4 0 false out_r
R 896 336 896 304 0 0 40 7.5 0 0 0.5
w 1632 288 1632 336 0
w 1696 288 1632 288 0
183 1216 320 1296 320 0 0.5 4 8 11 0
O 1632 336 1632 384 3 1
w 1792 224 1792 272 0
w 1696 224 1696 256 0
O 1856 272 1856 320 3 1
w 1056 304 1056 240 0
g 1120 240 1120 256 0 0
R 992 240 992 192 0 0 40 11.75 0 0 0.5
r 1056 240 1120 240 0 22000
r 992 240 1056 240 0 100000
w 1456 272 1456 336 0
w 1360 272 1360 320 0
r 1792 272 1856 272 0 1000
r 1360 272 1456 272 0 68000
g 1360 352 1360 384 0 0
a 1360 336 1456 336 8 15 -15 1000000 -0.00007481100093285628 0 100000
r 1296 320 1360 320 0 100000
g 1696 336 1696 368 0 0
c 1632 336 1696 336 4 0.000001 7.473158039172722 0.001 0
207 1392 400 1392 448 4 Rel\sProc\sCV
a 1056 320 1152 320 8 10 -10 1000000 2.1188524590163937 7.553827746313857 100000
r 1056 336 992 336 0 22000
r 992 336 992 400 0 100000
g 992 400 992 416 0 0
r 1056 384 1152 384 0 1000000
w 1056 384 1056 336 0
w 1152 384 1152 320 0
c 1056 432 1152 432 4 1e-10 -2.446715741214872 0.001 0
w 1056 432 1056 384 0
w 1152 432 1152 384 0
d 1152 320 1216 320 2 1N4148
r 1216 320 1216 384 0 10000
g 1216 384 1216 416 0 0
a 1696 272 1792 272 8 15 -15 1000000 7.473083308339638 7.473158039172722 100000
207 704 0 752 0 4 Rel\sProc\sCV
g 1488 528 1488 544 0 0
r 1456 400 1392 400 0 100000
r 1456 464 1456 528 0 4700
w 1552 432 1520 432 0
w 1488 400 1488 448 0
w 1456 400 1488 400 0
w 1456 432 1456 400 0
w 1488 528 1520 528 0
w 1456 528 1488 528 0
t 1488 448 1456 448 0 1 0 0.48196184057963076 100 default
t 1488 448 1520 448 0 1 0.5227969626441271 0.5407043256222938 100 default
w 704 32 704 0 0
R 1728 416 1728 368 0 0 40 -11.75 0 0 0.5
370 1552 336 1632 336 3 0 0
j 1584 416 1552 416 32 -4 0.00125
r 1648 416 1648 464 0 100000
207 1296 320 1296 352 4 /Gate
207 1648 464 1648 496 4 /Gate
r 1648 416 1728 416 0 100000
w 864 272 864 112 0
w 1584 416 1648 416 0
w 1520 464 1520 528 0
w 1552 336 1552 400 0
R 1360 208 1360 176 0 0 40 -11.75 0 0 0.5
r 1360 272 1360 208 0 106800
w 1696 224 1792 224 0
r 1488 192 1488 240 0 100000
w 1552 80 1488 80 0
w 1520 192 1520 160 0
w 1488 192 1520 192 0
w 1552 80 1552 144 0
w 1488 192 1488 176 0
r 1488 80 1488 144 0 4700
t 1520 160 1488 160 0 -1 0 -0.47975975688138206 100 default
t 1520 160 1552 160 0 -1 -0.5215046232491982 -0.5337080280335558 100 default
g 1488 240 1488 256 0 0
w 1456 272 1456 80 0
w 1456 80 1488 80 0
w 1552 208 1552 336 0
r 1584 192 1632 192 0 100000
R 1632 240 1632 272 0 0 40 -11.75 0 0 0.5
207 1152 320 1152 288 4 Gate
207 1632 192 1632 160 4 Gate
j 1584 192 1552 192 32 -4 0.00125
o 12 512 0 x283012 20 0.1 0 1 12 1 -100
o 165 8 0 x281012 5 0.1 1 1 12 1 -101
38 33 F1 0 -7.5 7.5 -1 Decay\sCV
38 71 F1 0 -7.5 7.5 -1 Attack\sCV
38 128 F1 0 -7.5 7.5 -1 Sus\sCV
38 104 F1 0 -7.5 7.5 -1 Release\sCV
