$ 1 0.000005 382.76258214399064 50 5 50 5e-11
t 800 208 832 208 0 1 -2.3252956447602653 0.4158633396089422 100 default
t 736 208 704 208 0 1 0 0.4119433508829722 100 default
r 704 96 704 160 0 100000
g 768 288 768 304 0 0
w 704 288 768 288 0
w 768 288 832 288 0
w 736 208 800 208 0
w 704 192 704 160 0
w 704 160 736 160 0
w 736 160 736 208 0
c 592 496 592 544 4 0.0000010000000000000002 2.7411589843692075 0.001 0
g 592 544 592 560 0 0
w 864 336 864 192 0
w 864 192 832 192 0
w 608 336 864 336 0
S 592 416 592 336 0 1 false 0 2
O 592 496 640 496 3 1
370 592 416 592 496 3 0 0
r 704 224 704 288 0 4700
w 832 224 832 288 0
t 288 208 320 208 0 -1 -0.5189260334188219 -0.5368542853443792 100 default
t 240 208 208 208 0 -1 0 -0.48076595876413464 100 default
r 208 128 208 192 0 4700
r 208 272 208 336 0 100000
w 208 272 208 224 0
w 240 208 288 208 0
w 320 224 320 336 0
w 320 336 576 336 0
R 208 336 208 368 0 0 40 2.5 0 0 0.5
w 320 128 320 192 0
w 208 272 240 272 0
w 240 272 240 208 0
R 208 128 208 96 0 0 40 9.5 0 0 0.5
w 320 128 208 128 0
w 64 144 64 208 0
w 512 240 512 304 0
a 384 0 480 0 8 10 -10 1000000 0.000005002380329833442 0 100000
g 384 16 384 32 0 0
r 480 -64 384 -64 0 8200
d 320 -16 384 -16 2 default
w 480 -64 480 0 0
w 384 -64 384 -16 0
174 256 -48 256 16 1 100000 0.9950000000000001 Resistance
g 256 80 256 96 0 0
R 256 -96 256 -128 0 0 40 11.75 0 0 0.5
O 640 -64 736 -48 3 1
w 320 -16 272 -16 0
O 320 -16 320 32 3 1
a 544 16 640 16 8 10 -10 1000000 -0.00000500228028422776 0 100000
r 480 0 544 0 0 10000
r 544 -64 640 -64 0 10000
w 640 -64 640 16 0
w 544 -64 544 0 0
g 544 32 544 48 0 0
w 640 16 672 16 0
w 704 16 704 96 0
r 256 -48 256 -96 0 12000
g 640 64 640 80 0 0
w 672 16 704 16 0
w 672 64 640 64 0
r 256 16 256 80 0 6800
o 16 512 0 x283012 20 0.1 0 1 12 1 -100
38 28 F1 0 2.5 9.2 -1 attack\scv
