$ 1 0.000005 382.76258214399064 50 5 50 5e-11
t 800 128 832 128 0 1 0.39298403768658347 0.4109122984773821 100 default
t 800 128 768 128 0 1 0 0.4075984651319419 100 default
w 768 208 800 208 0
w 800 208 832 208 0
w 768 112 768 80 0
w 768 80 800 80 0
w 800 80 800 128 0
c 800 400 800 448 4 0.0000010000000000000002 0.01792825216993457 0.001 0
g 800 448 800 464 0 0
w 864 112 832 112 0
w 816 272 864 272 0
S 800 352 800 272 0 1 false 1 2
O 800 400 848 400 3 1
370 800 352 800 400 3 0 0
r 768 144 768 208 0 4700
w 832 144 832 208 0
t 704 256 736 256 0 -1 -0.4910930567705325 -0.509021308869702 100 default
t 704 256 672 256 0 -1 0 -0.4708273339600666 100 default
r 672 176 672 240 0 4700
w 672 288 672 272 0
w 736 272 784 272 0
w 736 176 736 240 0
w 672 288 704 288 0
w 704 288 704 256 0
R 672 176 672 144 0 0 40 9.5 0 0 0.5
w 736 176 672 176 0
a 448 64 544 64 8 10 -10 1000000 4.6190638906819644e-7 0 100000
g 448 80 448 96 0 0
r 544 16 448 16 0 8200
d 384 48 448 48 2 1N4148
w 544 16 544 64 0
w 448 16 448 48 0
r 288 -16 384 -16 0 10000
R 288 -80 288 -112 0 0 40 0 0 0 0.5
r 608 64 544 64 0 10000
a 608 80 704 80 8 10 -10 1000000 -0.000005218884918703862 0 100000
r 608 -16 608 -80 0 247000
R 608 -80 608 -112 0 0 40 -11.75 0 0 0.5
r 608 32 704 32 0 10000
r 768 80 704 80 0 100000
r 288 32 208 32 0 100000
r 288 -80 288 -16 0 300000
w 608 32 608 64 0
w 704 32 704 80 0
g 608 96 608 112 0 0
O 704 32 752 32 3 1
a 288 48 384 48 8 10 -10 1000000 -0.000003533053827762341 0 100000
g 288 64 288 80 0 0
w 288 -16 288 32 0
w 384 -16 384 48 0
r 144 64 144 128 0 300000
r 144 0 144 -48 0 75000
O 208 32 208 80 3 1
w 208 32 160 32 0
R 144 -48 144 -80 0 0 40 -11.75 0 0 0.5
g 144 128 144 144 0 0
174 144 0 144 64 1 100000 0.9950000000000001 Decay Pot
174 208 224 208 288 1 100000 0.1436 Attack Pot
g 208 352 208 368 0 0
R 208 176 208 144 0 0 40 -11.75 0 0 0.5
w 272 256 224 256 0
O 272 256 272 304 3 1
r 208 224 208 176 0 75000
r 208 288 208 352 0 300000
w 448 208 448 272 0
w 352 208 352 256 0
g 352 288 352 304 0 0
a 352 272 448 272 8 10 -10 1000000 -0.000005528522271717327 0 100000
r 352 144 352 208 0 300000
r 352 256 272 256 0 100000
r 672 288 608 288 0 100000
R 352 144 352 112 0 0 40 0 0 0 0.5
r 352 208 448 208 0 10000
w 512 224 512 272 0
w 608 224 608 288 0
g 512 304 512 320 0 0
a 512 288 608 288 8 10 -10 1000000 -0.00006381730849644474 0 100000
r 608 224 512 224 0 8200
d 448 272 512 272 2 1N4148
O 608 224 608 176 3 1
r 512 224 512 160 0 10680
R 512 160 512 128 0 0 40 -11.75 0 0 0.5
174 144 -256 144 -192 1 100000 0.9950000000000001 Release Pot
R 144 -304 144 -336 0 0 40 -11.75 0 0 0.5
w 208 -224 160 -224 0
O 208 -224 208 -176 3 1
r 144 -256 144 -304 0 75000
r 144 -192 144 -128 0 300000
w 384 -272 384 -208 0
w 288 -272 288 -224 0
g 288 -192 288 -176 0 0
a 288 -208 384 -208 8 10 -10 1000000 -0.00000533303437243569 0 100000
O 704 -224 752 -224 3 1
g 608 -160 608 -144 0 0
w 704 -224 704 -176 0
w 608 -224 608 -192 0
r 288 -336 288 -272 0 300000
r 288 -224 208 -224 0 100000
r 768 -176 704 -176 0 100000
r 608 -224 704 -224 0 10000
R 608 -288 608 -320 0 0 40 -11.75 0 0 0.5
r 608 -224 608 -288 0 247000
a 608 -176 704 -176 8 10 -10 1000000 -0.000026401922049213884 0 100000
r 608 -192 544 -192 0 10000
R 288 -336 288 -368 0 0 40 -5.4 0 0 0.5
r 288 -272 384 -272 0 10000
w 448 -256 448 -208 0
w 544 -256 544 -192 0
d 384 -208 448 -208 2 1N4148
r 544 -256 448 -256 0 10000
g 448 -176 448 -160 0 0
a 448 -192 544 -192 8 10 -10 1000000 0.00002164537575644922 0 100000
w 768 -176 800 -176 0
w 768 -144 768 -176 0
g 144 -128 144 -112 0 0
R 1536 224 1536 160 0 0 40 11.75 0 0 0.5
d 1104 224 1040 224 2 1N4148
g 1040 288 1040 304 0 0
w 1104 160 1104 224 0
O 928 208 928 256 3 1
r 1040 224 1040 288 0 100000
w 928 144 928 208 0
w 1040 144 928 144 0
w 1040 192 1040 144 0
a 1040 208 928 208 8 10 -10 1000000 4.229910504559094 4.22995280366414 100000
w 1104 112 1104 160 0
w 1216 112 1216 160 0
34 zener-10 1 1.7143528192810002e-7 0 2.0000000000000084 10 1
z 1216 112 1104 112 2 zener-10
R 1536 144 1536 112 0 0 40 0 0 0 0.5
r 1424 192 1504 192 0 100000
w 1312 272 1472 272 0
w 1312 240 1312 272 0
w 1216 240 1312 240 0
w 1472 272 1472 224 0
g 1472 272 1472 288 0 0
w 1472 224 1424 224 0
174 1472 224 1536 192 1 100000 0.5 Sus Pot
w 1424 144 1424 192 0
w 1312 144 1312 208 0
w 1216 160 1216 208 0
r 1424 144 1536 144 0 125000
r 1216 208 1312 208 0 100000
r 1312 144 1424 144 0 100000
r 1104 160 1216 160 0 100000
a 1424 208 1312 208 8 10 -10 1000000 0.00004699877803177118 0 100000
a 1216 224 1104 224 8 10 -10 1000000 -0.00004682640622171865 0 100000
w 832 -112 832 -48 0
r 768 -112 768 -48 0 4700
w 864 -144 832 -144 0
w 800 -176 800 -128 0
w 800 -48 832 -48 0
w 768 -48 800 -48 0
g 800 -48 800 -32 0 0
t 800 -128 768 -128 0 1 0 0.4681747068445874 100 default
t 800 -128 832 -128 0 1 0.48471755004512873 0.5026458022150633 100 default
w 608 -16 608 32 0
g 800 208 800 224 0 0
162 1024 -64 1024 -16 2 default-led 1 0 0 0.01
t 1088 -128 1120 -128 0 1 -2.031083531856e-312 -1.991268172307e-312 100 default
r 1024 -64 1024 -128 0 2200
R 1024 -160 1024 -192 0 0 40 11.75 0 0 0.5
g 1024 -16 1024 0 0 0
w 864 -144 992 -144 0
w 864 272 896 48 0
w 896 48 864 -144 0
r 848 -224 928 -224 0 10000
j 1152 -224 1184 -224 32 -4 0.00125
f 992 -144 1024 -144 32 1.5 0.02
w 656 512 688 512 0
g 720 528 720 544 0 0
R 720 384 720 352 0 0 40 11.75 0 0 0.5
r 720 448 720 384 0 2200
162 720 448 720 496 2 default-led 1 0 0 0.01
w 656 320 800 352 0
f 688 512 720 512 32 1.5 0.02
t 400 560 432 560 0 1 -1.015541765925e-312 -1.991268172307e-312 100 default
w 656 448 656 512 0
w 656 416 656 320 0
S 560 432 480 432 0 1 false 1 2
r 624 432 560 432 0 1000
R 384 480 384 448 0 0 40 11.75 0 0 0.5
g 256 416 256 432 0 0
w 448 368 480 368 0
w 480 368 480 416 0
w 384 480 480 448 0
t 352 560 384 560 0 -1 -2.031083531856e-312 -1.991268172307e-312 100 default
f 512 560 544 560 32 1.5 0.02
f 624 432 656 432 33 1.5 0.02
R 448 368 448 336 0 0 40 -11.75 0 0 0.5
o 12 512 0 x283012 20 0.1 0 1 12 1 -100
38 33 F1 0 -7.5 7.5 -1 Decay\sCV
38 71 F1 0 -7.5 7.5 -1 Attack\sCV
38 128 F1 0 -7.5 7.5 -1 Sus\sCV
38 104 F1 0 -7.5 7.5 -1 Release\sCV
