$ 1 0.000005 382.76258214399064 50 5 50 5e-11
t 800 192 832 192 0 1 -0.010953021330641306 0.008053770919693733 100 default
t 736 192 704 192 0 1 0 0.008053770708052634 100 default
r 688 -32 688 -96 0 1000000
g 768 272 768 288 0 0
w 704 272 768 272 0
w 768 272 832 272 0
w 736 192 800 192 0
w 704 176 704 144 0
w 704 144 736 144 0
w 736 144 736 192 0
c 592 496 592 544 4 0.0000010000000000000002 0.01900679225033504 0.001 0
g 592 544 592 560 0 0
w 864 336 864 176 0
w 864 176 832 176 0
w 608 336 864 336 0
S 592 416 592 336 0 1 false 0 2
O 592 496 640 496 3 1
370 592 416 592 496 3 0 0
r 704 208 704 272 0 4700
w 832 208 832 272 0
t 288 208 320 208 0 -1 -0.5189260334188202 -0.5368542853443792 100 default
t 240 208 208 208 0 -1 0 -0.48076595876413286 100 default
r 208 128 208 192 0 4700
r 208 272 208 336 0 100000
w 208 272 208 224 0
w 240 208 288 208 0
w 320 224 320 336 0
w 320 336 576 336 0
R 208 336 208 368 0 0 40 2.5 0 0 0.5
w 320 128 320 192 0
w 208 272 240 272 0
w 240 272 240 208 0
R 208 128 208 96 0 0 40 9.5 0 0 0.5
w 320 128 208 128 0
a 384 -112 480 -112 8 10 -10 1000000 7.1614788776069114e-9 0 100000
g 384 -96 384 -80 0 0
r 480 -176 384 -176 0 8200
d 320 -128 384 -128 2 1N4148
w 480 -176 480 -112 0
w 384 -176 384 -128 0
174 80 -176 80 -112 1 100000 0.1436 Release Pot
g 48 -176 48 -160 0 0
R 80 -224 80 -256 0 0 40 11.75 0 0 0.5
w 144 -144 96 -144 0
O 144 -144 144 -96 3 1
a 224 -128 320 -128 8 10 -10 1000000 -0.0000015025043189953565 0 100000
r 352 0 416 0 0 10000
r 336 48 432 48 0 10000
w 640 -176 640 -96 0
w 640 -96 480 -112 0
g 224 -112 224 -96 0 0
r -16 -176 -16 -224 0 12000
r 0 -112 0 -48 0 14000
R 224 -272 224 -304 0 0 40 0 0 0 0.5
r 224 -192 224 -272 0 220000
r 752 -96 688 -96 0 100000
g 688 -32 688 -16 0 0
O 640 -176 640 -224 3 1
d 576 -32 624 -32 2 1N4148
a 752 -80 848 -80 9 10 -10 1000000 0 0 100000
r 752 -192 752 -256 0 100000
R 688 -256 688 -288 0 0 40 11.75 0 0 0.5
r 752 -256 688 -256 0 100000
r 752 -256 816 -256 0 2000
g 816 -256 816 -240 0 0
r 752 -16 848 -16 0 100000
r 752 -16 752 48 0 100000
g 752 48 752 64 0 0
w 752 -64 752 -16 0
w 848 -80 848 -16 0
r 736 144 800 144 0 100000
w 800 144 848 144 0
O 848 -80 848 -128 3 1
d 496 -320 496 -256 2 1N4148
r 224 -144 144 -144 0 100000
r 224 -192 320 -192 0 10000
w 224 -192 224 -144 0
w 320 -192 320 -128 0
w 48 -176 80 -176 0
R 80 -112 80 -80 0 0 40 -11.75 0 0 0.5
o 16 512 0 x283012 20 0.1 0 1 12 1 -100
38 28 F1 0 2.5 9.2 -1 attack\scv
38 53 F1 0 -7.5 7.5 -1 Release\sCV
