$ 1 0.000005 10.20027730826997 50 5 50 5e-11
a 912 272 816 272 8 11.75 -11.75 1000000 4.217872796238386 4.217948717948718 100000
r 912 256 976 256 0 100000
r 912 208 816 208 0 80000
r 816 128 752 128 0 1000
R 960 336 960 304 0 0 40 11.75 0 0 0.5
r 960 336 960 400 0 100000
r 960 400 960 464 0 56000
g 960 464 960 480 0 0
w 912 288 912 400 0
w 912 400 960 400 0
w 816 208 816 272 0
w 912 208 912 256 0
R 944 144 992 144 0 3 40 5 5 0 0.5
O 752 128 752 176 3 1
172 976 256 1008 256 0 7 0 9.3 0 0 0.5 Voltage
O 592 288 592 336 3 1
w 752 224 752 272 0
w 656 224 656 288 0
w 752 416 800 416 0
w 752 304 752 416 0
g 800 480 800 496 0 0
r 800 416 800 480 0 48000
r 800 352 800 416 0 100000
R 800 352 800 320 0 0 40 11.75 0 0 0.5
r 656 288 592 288 0 1000
r 752 224 656 224 0 100000
r 752 272 816 272 0 100000
a 752 288 656 288 8 11.75 -11.75 1000000 3.8108105163108172 3.810810810810811 100000
w 816 128 816 208 0
w 368 96 368 176 0
a 256 256 160 256 8 11.75 -11.75 1000000 -1.8750380133610617e-7 0 100000
r 304 240 368 240 0 100000
r 256 192 160 192 0 100000
r 160 256 96 256 0 1000
R 256 128 256 96 0 0 40 -11.75 0 0 0.5
g 256 272 256 288 0 0
w 160 192 160 256 0
w 256 192 256 240 0
O 96 256 96 304 3 1
172 528 224 560 224 0 7 0 9.3 0 0 0.5 Voltage
O 304 96 304 144 3 1
w 464 176 464 224 0
w 368 176 368 240 0
g 464 256 464 272 0 0
R 464 112 464 80 0 0 40 -11.75 0 0 0.5
r 368 96 304 96 0 1000
r 464 176 368 176 0 82000
r 464 224 528 224 0 100000
a 464 240 368 240 8 11.75 -11.75 1000000 -0.0000758642711702461 0 100000
w 304 240 256 240 0
r 464 112 464 176 0 127000
r 256 128 256 192 0 154500
o 39 64 0 4098 10 0.1 0 2 39 3
o 40 64 0 4098 20 0.1 1 1
o 38 64 0 4098 10 0.1 2 1
